DEBUT
1
0 Groupe 0 0.000000 0.000000 0.000000
0
14
0
0 -276.000000 525.000000 1.000000 250.000000
0.000000 0.000000 255.000000 1.000000
0
0
0 148.000000 79.000000 1.000000 250.000000
250.000000 0.000000 0.000000 1.000000
0
0
0 -864.000000 -277.000000 1.000000 250.000000
0.000000 255.000000 0.000000 1.000000
0
0
0 516.000000 235.000000 1.000000 50.000000
0.000000 0.000000 0.000000 1.000000
0
0
0 518.000000 -365.000000 1.000000 50.000000
125.000000 125.000000 125.000000 1.000000
0
0
0 -306.000000 -207.000000 1.000000 25.000000
0.000000 0.000000 0.000000 1.000000
0
0
0 -692.000000 335.000000 1.000000 50.000000
250.000000 0.000000 250.000000 1.000000
0
0
0 -502.000000 93.000000 1.000000 50.000000
0.000000 0.000000 0.000000 1.000000
0
0
0 726.000000 795.000000 1.000000 50.000000
180.000000 125.000000 250.000000 1.000000
0
0
0 -396.000000 -693.000000 1.000000 50.000000
0.000000 0.000000 0.000000 1.000000
0
0
0 916.000000 -319.000000 1.000000 50.000000
0.000000 0.000000 0.000000 1.000000
0
0
0 118.000000 623.000000 1.000000 25.000000
0.000000 0.000000 0.000000 1.000000
0
0
0 -1038.000000 131.000000 1.000000 25.000000
0.000000 0.000000 0.000000 1.000000
0
0
0 42.000000 -357.000000 1.000000 50.000000
0.000000 0.000000 0.000000 1.000000
0
FIN