DEBUT
1
0 Groupe 0 0.000000 0.000000 0.000000
1
Rotation_RECU 0.436332 0.000000 0.000000
14
0
0 320.832597 477.174887 1.000000 142.000000
0.000000 0.000000 255.000000 1.000000
1
Rotation 644.000000 -370.000000 0.000000
0
0 137.822328 -94.935487 1.000000 142.000000
250.000000 0.000000 0.000000 1.000000
1
Rotation 644.000000 -370.000000 0.000000
0
0 -647.423177 635.439315 1.000000 142.000000
0.000000 255.000000 0.000000 1.000000
1
Rotation 644.000000 -370.000000 0.000000
0
0 446.202993 -348.657401 1.000000 28.000000
0.000000 0.000000 0.000000 1.000000
1
Rotation 644.000000 -370.000000 0.000000
0
0 -69.025659 -618.685604 1.000000 28.000000
125.000000 125.000000 125.000000 1.000000
1
Rotation 644.000000 -370.000000 0.000000
0
0 -323.100271 176.255254 1.000000 14.000000
0.000000 0.000000 0.000000 1.000000
1
Rotation 644.000000 -370.000000 0.000000
0
0 -39.516489 757.886844 1.000000 28.000000
250.000000 0.000000 250.000000 1.000000
1
Rotation 644.000000 -370.000000 0.000000
0
0 -157.779815 482.674443 1.000000 28.000000
0.000000 0.000000 0.000000 1.000000
1
Rotation 644.000000 -370.000000 0.000000
0
0 1027.359964 -282.861973 1.000000 28.000000
180.000000 125.000000 250.000000 1.000000
1
Rotation 644.000000 -370.000000 0.000000
0
0 -783.799399 38.066431 1.000000 28.000000
0.000000 0.000000 0.000000 1.000000
1
Rotation 644.000000 -370.000000 0.000000
0
0 158.921933 -947.960401 1.000000 28.000000
0.000000 0.000000 0.000000 1.000000
1
Rotation 644.000000 -370.000000 0.000000
0
0 591.622170 174.666176 1.000000 14.000000
0.000000 0.000000 0.000000 1.000000
1
Rotation 644.000000 -370.000000 1.000000
0
0 -378.778533 970.809131 1.000000 14.000000
0.000000 0.000000 0.000000 1.000000
1
Rotation 644.000000 -370.000000 0.000000
0
0 -287.435025 -196.704453 1.000000 28.000000
0.000000 0.000000 0.000000 1.000000
1
Rotation 644.000000 -370.000000 0.000000
FIN